50 165 0.0
50 164 0.0
50 163 0.0
50 162 0.0
50 161 0.0
50 160 0.0
50 159 0.0
50 158 0.0
50 157 0.0
50 156 0.0
50 155 0.0
50 154 0.0
50 153 0.0
50 152 0.0
50 151 0.0
50 150 0.0
50 149 0.0
50 148 0.0
50 147 0.0
50 146 0.0
50 145 0.0
50 144 0.0
50 143 0.0
50 142 0.0
50 141 0.0
50 140 0.0
50 139 0.0
50 138 0.0
50 137 0.0
50 136 0.0
50 135 0.0
50 134 0.0
50 133 0.0
50 132 0.0
50 131 0.0
50 130 0.0
50 129 0.0
50 128 0.0
50 127 0.0
50 126 0.0
50 125 0.0
50 124 0.0
50 123 0.0
50 122 0.0
50 121 0.0
50 120 0.0
50 119 0.0
50 118 0.0
50 117 0.0
50 116 0.0
50 115 0.0
50 114 0.0
50 113 0.0
50 112 0.0
50 111 0.0
50 110 0.0
50 109 0.0
50 108 0.0
50 107 0.0
50 106 0.0
50 105 0.0
50 104 0.0
50 103 0.0
50 102 0.0
50 101 0.0
50 100 0.0
50 99 0.0
50 98 0.0
50 97 0.0
50 96 0.0
50 95 0.0
50 94 0.0
50 93 0.0
50 92 0.0
50 91 0.0
50 90 0.0
50 89 0.0
50 88 0.0
50 87 0.0
50 86 0.0
50 85 0.0
50 84 0.0
50 83 0.0
50 82 0.0
50 81 0.0
50 80 0.0
50 79 0.0
50 78 0.0
50 77 0.0
50 76 0.0
55 165 2.7250954951288e-15
55 164 0.7765868600845869
55 163 1.5522275687041935
55 162 2.3259771271336613
55 161 3.0968928407230174
55 160 3.8640354674257344
55 159 4.626470362120428
55 158 5.383268615332005
55 157 6.133508184964762
55 156 6.876275019668648
55 155 7.6106641724700355
55 154 8.335780903310214
55 153 9.05074176914832
55 152 9.754675700300607
55 151 10.44672506170469
55 150 11.126046697815719
55 149 11.791812959861572
55 148 12.443212714205377
55 147 13.079452330586903
55 146 13.699756649038793
55 145 14.303369924299565
55 144 14.889556746572813
55 143 15.45760293751075
55 142 16.006816420330537
55 141 16.536528063003203
55 140 17.046092493487976
55 139 17.534888886018692
55 138 18.002321717484367
55 137 18.447821492982367
55 136 18.870845439660226
55 135 19.27087816800076
55 134 19.647432299744803
55 133 20.000049061686553
55 132 20.328298844618022
55 131 20.631781726741714
55 130 20.910127960913712
55 129 21.162998425123636
55 128 21.390085035662544
55 127 21.591111122475514
55 126 21.765831766241458
55 125 21.914034096769594
55 124 22.035537552349
55 123 22.130194099735217
55 122 22.197888414505986
55 121 22.238538021566264
55 120 22.25209339563144
55 119 22.238538021566264
55 118 22.197888414505986
55 117 22.130194099735217
55 116 22.035537552349
55 115 21.914034096769594
55 114 21.765831766241455
55 113 21.591111122475514
55 112 21.390085035662544
55 111 21.162998425123632
55 110 20.91012796091371
55 109 20.631781726741714
55 108 20.328298844618022
55 107 20.000049061686553
55 106 19.647432299744803
55 105 19.270878168000756
55 104 18.870845439660226
55 103 18.447821492982367
55 102 18.002321717484367
55 101 17.534888886018692
55 100 17.046092493487976
55 99 16.536528063003203
55 98 16.00681642033054
55 97 15.457602937510751
55 96 14.889556746572811
55 95 14.303369924299561
55 94 13.69975664903879
55 93 13.079452330586902
55 92 12.443212714205377
55 91 11.791812959861572
55 90 11.126046697815719
55 89 10.446725061704692
55 88 9.754675700300611
55 87 9.050741769148317
55 86 8.335780903310209
55 85 7.610664172470032
55 84 6.876275019668645
55 83 6.133508184964761
55 82 5.383268615332005
55 81 4.626470362120429
55 80 3.8640354674257353
55 79 3.09689284072302
55 78 2.3259771271336556
55 77 1.5522275687041887
55 76 0.7765868600845831
60 165 5.313543323124028e-15
60 164 1.5142324122602087
60 163 3.026619965575695
60 162 4.5353200486781935
60 161 6.038494542913856
60 160 7.534312061707776
60 159 9.02095018182631
60 158 10.496597663719136
60 157 11.959456658235643
60 156 13.407744897027165
60 155 14.839697863966435
60 154 16.253570944938684
60 153 17.647641553385196
60 152 19.02021122900968
60 151 20.369607707090573
60 150 21.694186955877903
60 149 22.992335179592825
60 148 24.26247078458914
60 147 25.503046306281554
60 146 26.712550294492893
60 145 27.889509154923328
60 144 29.032488944498038
60 143 30.140097118405958
60 142 31.210984226701164
60 141 32.2438455583997
60 140 33.237422731068975
60 139 34.190505223972934
60 138 35.10193185290507
60 137 35.97059218491254
60 136 36.795427891187664
60 135 37.57543403647853
60 134 38.309660303447856
60 133 38.997212150488224
60 132 39.63725190158325
60 131 40.228999766886794
60 130 40.771734792776755
60 129 41.26479574022601
60 128 41.70758189042031
60 127 42.099553776641606
60 126 42.4402338415252
60 125 42.72920701888975
60 124 42.966121239431565
60 123 43.15068785966673
60 122 43.28268201359882
60 121 43.3619428866834
60 120 43.388373911755814
60 119 43.3619428866834
60 118 43.28268201359882
60 117 43.15068785966673
60 116 42.966121239431565
60 115 42.72920701888975
60 114 42.44023384152519
60 113 42.099553776641606
60 112 41.70758189042031
60 111 41.264795740226006
60 110 40.771734792776755
60 109 40.228999766886794
60 108 39.63725190158325
60 107 38.997212150488224
60 106 38.309660303447856
60 105 37.57543403647853
60 104 36.795427891187664
60 103 35.97059218491254
60 102 35.10193185290507
60 101 34.190505223972934
60 100 33.237422731068975
60 99 32.2438455583997
60 98 31.210984226701168
60 97 30.14009711840596
60 96 29.032488944498034
60 95 27.889509154923317
60 94 26.71255029449289
60 93 25.50304630628155
60 92 24.26247078458914
60 91 22.992335179592825
60 90 21.694186955877903
60 89 20.369607707090577
60 88 19.020211229009686
60 87 17.647641553385185
60 86 16.253570944938673
60 85 14.839697863966428
60 84 13.407744897027161
60 83 11.959456658235641
60 82 10.496597663719136
60 81 9.02095018182631
60 80 7.534312061707778
60 79 6.0384945429138615
60 78 4.535320048678182
60 77 3.026619965575686
60 76 1.514232412260201
65 165 7.635547901473155e-15
65 164 2.175948028401196
65 163 4.349244999308877
65 162 6.517243085134733
65 161 8.677300914165665
65 160 10.826786788668452
65 159 12.963081891207901
65 158 15.083583475272604
65 157 17.18570803632061
65 156 19.26689445938174
65 155 21.324607139381694
65 154 23.356339070386227
65 153 25.359614900001723
65 152 27.33199394521076
65 151 29.271073165968495
65 150 31.174490092936672
65 149 33.039925705788676
65 148 34.86510725857859
65 147 36.64781104873198
65 146 38.38586512628503
65 145 40.07715194007094
65 144 41.71961091762988
65 143 43.311240975699086
65 142 44.850102958224646
65 141 46.334321998924366
65 140 47.762089805523544
65 139 49.131666862880635
65 138 50.44138455231841
65 137 51.68964718457884
65 136 52.874933943924624
65 135 53.99580074101894
65 134 55.050881972325804
65 133 56.0388921838877
65 132 56.95862763745313
65 131 57.808967777046306
65 130 58.58887659419201
65 129 59.29740389013227
65 128 59.93368643349726
65 127 60.4969490120197
65 126 60.98650537701161
65 125 61.40175907945262
65 124 61.74220419667124
65 123 62.00742594873368
65 122 62.197101203789344
65 121 62.310998871757185
65 120 62.34898018587335
65 119 62.310998871757185
65 118 62.197101203789344
65 117 62.00742594873368
65 116 61.74220419667124
65 115 61.40175907945262
65 114 60.9865053770116
65 113 60.4969490120197
65 112 59.93368643349726
65 111 59.297403890132266
65 110 58.588876594192
65 109 57.808967777046306
65 108 56.95862763745313
65 107 56.038892183887704
65 106 55.050881972325804
65 105 53.99580074101893
65 104 52.874933943924624
65 103 51.68964718457884
65 102 50.44138455231841
65 101 49.131666862880635
65 100 47.762089805523544
65 99 46.334321998924366
65 98 44.85010295822465
65 97 43.31124097569909
65 96 41.71961091762987
65 95 40.07715194007093
65 94 38.385865126285026
65 93 36.647811048731974
65 92 34.86510725857859
65 91 33.039925705788676
65 90 31.174490092936672
65 89 29.271073165968502
65 88 27.331993945210765
65 87 25.35961490000171
65 86 23.356339070386213
65 85 21.324607139381683
65 84 19.26689445938173
65 83 17.185708036320605
65 82 15.083583475272604
65 81 12.963081891207903
65 80 10.826786788668455
65 79 8.677300914165672
65 78 6.517243085134717
65 77 4.349244999308863
65 76 2.1759480284011854
70 165 9.574674224771027e-15
70 164 2.7285525244304587
70 163 5.453780727911186
70 162 8.172364339665473
70 161 10.880991184328066
70 160 13.576361217320793
70 159 16.255190545448343
70 158 18.914215427816416
70 157 21.55019625219723
70 156 24.159921481998005
70 155 26.740211569023575
70 154 29.28792282726612
70 153 31.7999512630023
70 152 34.27323635653146
70 151 36.70476479094757
70 150 39.091574123401486
70 149 41.43075639438142
70 148 43.7194616706136
70 147 45.95490151726693
70 146 48.13435239523139
70 145 50.25515897933085
70 144 52.3147373934278
70 143 54.31057835847836
70 142 56.24025024970242
70 141 58.101402059143645
70 140 59.8917662600107
70 139 61.609161569309286
70 138 63.25149560539949
70 137 64.81676743724051
70 136 66.30307002221689
70 135 67.7085925295762
70 134 69.03162254664733
70 133 70.27054816515168
70 132 71.42385994506495
70 131 72.49015275363736
70 130 73.4681274773315
70 129 74.356592604592
70 128 75.15446567751884
70 127 75.8607746106756
70 126 76.47465887542579
70 125 76.9953705483544
70 124 77.42227522249749
70 123 77.7548527802692
70 122 77.99269802714505
70 121 78.135521185329
70 120 78.18314824680299
70 119 78.135521185329
70 118 77.99269802714505
70 117 77.7548527802692
70 116 77.42227522249749
70 115 76.9953705483544
70 114 76.47465887542577
70 113 75.8607746106756
70 112 75.15446567751884
70 111 74.356592604592
70 110 73.46812747733149
70 109 72.49015275363736
70 108 71.42385994506495
70 107 70.27054816515168
70 106 69.03162254664733
70 105 67.70859252957618
70 104 66.30307002221689
70 103 64.81676743724051
70 102 63.25149560539949
70 101 61.609161569309286
70 100 59.8917662600107
70 99 58.101402059143645
70 98 56.24025024970243
70 97 54.310578358478374
70 96 52.314737393427784
70 95 50.25515897933084
70 94 48.13435239523138
70 93 45.95490151726692
70 92 43.7194616706136
70 91 41.43075639438142
70 90 39.091574123401486
70 89 36.70476479094758
70 88 34.27323635653147
70 87 31.79995126300228
70 86 29.2879228272661
70 85 26.74021156902356
70 84 24.159921481997998
70 83 21.550196252197228
70 82 18.914215427816416
70 81 16.255190545448347
70 80 13.576361217320798
70 79 10.880991184328074
70 78 8.172364339665451
70 77 5.453780727911169
70 76 2.7285525244304454
75 165 1.1033686402081121e-14
75 164 3.1443360034416665
75 163 6.284841117810959
75 162 9.41768912138376
75 161 12.539063121445913
75 160 15.645160204589232
75 159 18.73219606997544
75 158 21.796409639923986
75 157 24.834067642205806
75 156 27.841469158460466
75 155 30.8149501331951
75 154 33.75088783787162
75 153 36.64570528464342
75 152 39.495875584364015
75 151 42.297926243558344
75 150 45.04844339512095
75 149 47.74407595758735
75 148 50.381539717910556
75 147 52.95762133276874
75 146 55.46918224352916
75 145 57.91316250009835
75 144 60.286584488999985
75 143 62.58655656113819
75 142 64.81027655482667
75 141 66.95503520979088
75 140 69.01821946798447
75 139 70.99731565719804
75 138 72.88991255358141
75 137 74.69370431934856
75 136 76.4064933120857
75 135 78.02619276224011
75 134 79.55082931552734
75 133 80.97854543715948
75 132 82.30760167496514
75 131 83.53637877864396
75 130 84.66337967257371
75 129 85.68723127976632
75 128 86.60668619475067
75 127 87.420624203344
75 126 88.12805364746043
75 125 88.72811263329342
75 124 89.22007008140076
75 123 89.60332661741212
75 122 89.87741530227457
75 121 90.0420022011457
75 120 90.09688679024191
75 119 90.0420022011457
75 118 89.87741530227457
75 117 89.60332661741212
75 116 89.22007008140076
75 115 88.72811263329342
75 114 88.12805364746043
75 113 87.420624203344
75 112 86.60668619475067
75 111 85.68723127976631
75 110 84.6633796725737
75 109 83.53637877864396
75 108 82.30760167496514
75 107 80.9785454371595
75 106 79.55082931552734
75 105 78.0261927622401
75 104 76.4064933120857
75 103 74.69370431934856
75 102 72.88991255358141
75 101 70.99731565719804
75 100 69.01821946798447
75 99 66.95503520979088
75 98 64.81027655482667
75 97 62.5865565611382
75 96 60.28658448899998
75 95 57.91316250009833
75 94 55.46918224352915
75 93 52.95762133276873
75 92 50.381539717910556
75 91 47.74407595758735
75 90 45.04844339512095
75 89 42.29792624355835
75 88 39.49587558436403
75 87 36.645705284643405
75 86 33.7508878378716
75 85 30.814950133195087
75 84 27.841469158460455
75 83 24.834067642205802
75 82 21.796409639923986
75 81 18.73219606997544
75 80 15.645160204589235
75 79 12.539063121445924
75 78 9.417689121383734
75 77 6.28484111781094
75 76 3.1443360034416505
80 165 1.1939423470528821e-14
80 164 3.4024493456365876
80 163 6.8007533308526495
80 162 10.190771645710809
80 161 13.568374075086664
80 160 16.92944553069987
80 159 20.269891064715093
80 158 23.585640858805316
80 157 26.87265518259855
80 156 30.12692931546699
80 155 33.344498425662245
80 154 36.52144240085206
80 153 39.65389062417337
80 152 42.73802668998268
80 151 45.77009305355863
80 150 48.746395609091174
80 149 51.663308190380654
80 148 54.51727698876273
80 147 57.30482488287674
80 146 60.02255567500254
80 145 62.66715822880429
80 144 65.23541050343994
80 143 67.72418347912179
80 142 70.13044496934509
80 141 72.45126331514017
80 140 74.6838109568473
80 139 76.8253678790627
80 138 78.87332492455816
80 137 80.82518697313739
80 136 82.67857598155548
80 135 84.43123388079836
80 134 86.08102532719204
80 133 87.62594030399
80 132 89.06409657026894
80 131 90.39374195414936
80 130 91.61325648754718
80 129 92.72115437985526
80 128 93.71608582815043
80 127 94.59683866172034
80 126 95.36233981890692
80 125 96.01165665446649
80 124 96.54399807585457
80 123 96.95871550705007
80 122 97.25530367874542
80 121 97.4334012439393
80 120 97.49279121818236
80 119 97.4334012439393
80 118 97.25530367874542
80 117 96.95871550705007
80 116 96.54399807585457
80 115 96.01165665446649
80 114 95.3623398189069
80 113 94.59683866172034
80 112 93.71608582815043
80 111 92.72115437985525
80 110 91.61325648754718
80 109 90.39374195414936
80 108 89.06409657026894
80 107 87.62594030399002
80 106 86.08102532719204
80 105 84.43123388079835
80 104 82.67857598155548
80 103 80.82518697313739
80 102 78.87332492455816
80 101 76.8253678790627
80 100 74.6838109568473
80 99 72.45126331514017
80 98 70.1304449693451
80 97 67.72418347912179
80 96 65.23541050343994
80 95 62.66715822880427
80 94 60.022555675002536
80 93 57.30482488287673
80 92 54.51727698876273
80 91 51.663308190380654
80 90 48.746395609091174
80 89 45.77009305355865
80 88 42.738026689982696
80 87 39.65389062417335
80 86 36.52144240085204
80 85 33.34449842566223
80 84 30.12692931546698
80 83 26.872655182598542
80 82 23.585640858805316
80 81 20.269891064715093
80 80 16.929445530699876
80 79 13.568374075086675
80 78 10.190771645710784
80 77 6.800753330852627
80 76 3.4024493456365708
85 165 1.2246467991473532e-14
85 164 3.4899496702501143
85 163 6.975647374412553
85 162 10.452846326765373
85 161 13.917310096006533
85 160 17.364817766693026
85 159 20.79116908177593
85 158 24.192189559966774
85 157 27.563735581699923
85 156 30.901699437494752
85 155 34.20201433256689
85 154 37.460659341591224
85 153 40.67366430758004
85 152 43.83711467890773
85 151 46.94715627858907
85 150 49.99999999999999
85 149 52.99192642332049
85 148 55.91929034707469
85 147 58.77852522924732
85 146 61.56614753256584
85 145 64.27876096865394
85 144 66.91306063588584
85 143 69.46583704589972
85 142 71.93398003386511
85 141 74.31448254773943
85 140 76.60444431189781
85 139 78.8010753606722
85 138 80.90169943749474
85 137 82.90375725550417
85 136 84.80480961564261
85 135 86.60254037844388
85 134 88.29475928589268
85 133 89.87940462991669
85 132 91.35454576426008
85 131 92.71838545667875
85 130 93.96926207859084
85 129 95.10565162951536
85 128 96.12616959383189
85 127 97.02957262759965
85 126 97.81476007338057
85 125 98.4807753012208
85 124 99.02680687415703
85 123 99.45218953682733
85 122 99.75640502598242
85 121 99.93908270190957
85 120 100.0
85 119 99.93908270190957
85 118 99.75640502598242
85 117 99.45218953682733
85 116 99.02680687415703
85 115 98.4807753012208
85 114 97.81476007338055
85 113 97.02957262759965
85 112 96.12616959383189
85 111 95.10565162951535
85 110 93.96926207859083
85 109 92.71838545667875
85 108 91.35454576426008
85 107 89.8794046299167
85 106 88.29475928589268
85 105 86.60254037844386
85 104 84.80480961564261
85 103 82.90375725550417
85 102 80.90169943749474
85 101 78.8010753606722
85 100 76.60444431189781
85 99 74.31448254773943
85 98 71.93398003386513
85 97 69.46583704589972
85 96 66.91306063588583
85 95 64.27876096865393
85 94 61.56614753256583
85 93 58.778525229247315
85 92 55.91929034707469
85 91 52.99192642332049
85 90 49.99999999999999
85 89 46.947156278589084
85 88 43.83711467890774
85 87 40.67366430758002
85 86 37.4606593415912
85 85 34.20201433256687
85 84 30.901699437494738
85 83 27.563735581699916
85 82 24.192189559966774
85 81 20.791169081775934
85 80 17.364817766693033
85 79 13.917310096006544
85 78 10.452846326765346
85 77 6.97564737441253
85 76 3.489949670250097
90 165 1.1939423470528821e-14
90 164 3.4024493456365876
90 163 6.8007533308526495
90 162 10.190771645710809
90 161 13.568374075086664
90 160 16.92944553069987
90 159 20.269891064715093
90 158 23.585640858805316
90 157 26.87265518259855
90 156 30.12692931546699
90 155 33.344498425662245
90 154 36.52144240085206
90 153 39.65389062417337
90 152 42.73802668998268
90 151 45.77009305355863
90 150 48.746395609091174
90 149 51.663308190380654
90 148 54.51727698876273
90 147 57.30482488287674
90 146 60.02255567500254
90 145 62.66715822880429
90 144 65.23541050343994
90 143 67.72418347912179
90 142 70.13044496934509
90 141 72.45126331514017
90 140 74.6838109568473
90 139 76.8253678790627
90 138 78.87332492455816
90 137 80.82518697313739
90 136 82.67857598155548
90 135 84.43123388079836
90 134 86.08102532719204
90 133 87.62594030399
90 132 89.06409657026894
90 131 90.39374195414936
90 130 91.61325648754718
90 129 92.72115437985526
90 128 93.71608582815043
90 127 94.59683866172034
90 126 95.36233981890692
90 125 96.01165665446649
90 124 96.54399807585457
90 123 96.95871550705007
90 122 97.25530367874542
90 121 97.4334012439393
90 120 97.49279121818236
90 119 97.4334012439393
90 118 97.25530367874542
90 117 96.95871550705007
90 116 96.54399807585457
90 115 96.01165665446649
90 114 95.3623398189069
90 113 94.59683866172034
90 112 93.71608582815043
90 111 92.72115437985525
90 110 91.61325648754718
90 109 90.39374195414936
90 108 89.06409657026894
90 107 87.62594030399002
90 106 86.08102532719204
90 105 84.43123388079835
90 104 82.67857598155548
90 103 80.82518697313739
90 102 78.87332492455816
90 101 76.8253678790627
90 100 74.6838109568473
90 99 72.45126331514017
90 98 70.1304449693451
90 97 67.72418347912179
90 96 65.23541050343994
90 95 62.66715822880427
90 94 60.022555675002536
90 93 57.30482488287673
90 92 54.51727698876273
90 91 51.663308190380654
90 90 48.746395609091174
90 89 45.77009305355865
90 88 42.738026689982696
90 87 39.65389062417335
90 86 36.52144240085204
90 85 33.34449842566223
90 84 30.12692931546698
90 83 26.872655182598542
90 82 23.585640858805316
90 81 20.269891064715093
90 80 16.929445530699876
90 79 13.568374075086675
90 78 10.190771645710784
90 77 6.800753330852627
90 76 3.4024493456365708
95 165 1.1033686402081121e-14
95 164 3.1443360034416665
95 163 6.284841117810959
95 162 9.41768912138376
95 161 12.539063121445913
95 160 15.645160204589232
95 159 18.73219606997544
95 158 21.796409639923986
95 157 24.834067642205806
95 156 27.841469158460466
95 155 30.8149501331951
95 154 33.75088783787162
95 153 36.64570528464342
95 152 39.495875584364015
95 151 42.297926243558344
95 150 45.04844339512095
95 149 47.74407595758735
95 148 50.381539717910556
95 147 52.95762133276874
95 146 55.46918224352916
95 145 57.91316250009835
95 144 60.286584488999985
95 143 62.58655656113819
95 142 64.81027655482667
95 141 66.95503520979088
95 140 69.01821946798447
95 139 70.99731565719804
95 138 72.88991255358141
95 137 74.69370431934856
95 136 76.4064933120857
95 135 78.02619276224011
95 134 79.55082931552734
95 133 80.97854543715948
95 132 82.30760167496514
95 131 83.53637877864396
95 130 84.66337967257371
95 129 85.68723127976632
95 128 86.60668619475067
95 127 87.420624203344
95 126 88.12805364746043
95 125 88.72811263329342
95 124 89.22007008140076
95 123 89.60332661741212
95 122 89.87741530227457
95 121 90.0420022011457
95 120 90.09688679024191
95 119 90.0420022011457
95 118 89.87741530227457
95 117 89.60332661741212
95 116 89.22007008140076
95 115 88.72811263329342
95 114 88.12805364746043
95 113 87.420624203344
95 112 86.60668619475067
95 111 85.68723127976631
95 110 84.6633796725737
95 109 83.53637877864396
95 108 82.30760167496514
95 107 80.9785454371595
95 106 79.55082931552734
95 105 78.0261927622401
95 104 76.4064933120857
95 103 74.69370431934856
95 102 72.88991255358141
95 101 70.99731565719804
95 100 69.01821946798447
95 99 66.95503520979088
95 98 64.81027655482667
95 97 62.5865565611382
95 96 60.28658448899998
95 95 57.91316250009833
95 94 55.46918224352915
95 93 52.95762133276873
95 92 50.381539717910556
95 91 47.74407595758735
95 90 45.04844339512095
95 89 42.29792624355835
95 88 39.49587558436403
95 87 36.645705284643405
95 86 33.7508878378716
95 85 30.814950133195087
95 84 27.841469158460455
95 83 24.834067642205802
95 82 21.796409639923986
95 81 18.73219606997544
95 80 15.645160204589235
95 79 12.539063121445924
95 78 9.417689121383734
95 77 6.28484111781094
95 76 3.1443360034416505
100 165 9.574674224771027e-15
100 164 2.7285525244304587
100 163 5.453780727911186
100 162 8.172364339665473
100 161 10.880991184328066
100 160 13.576361217320793
100 159 16.255190545448343
100 158 18.914215427816416
100 157 21.55019625219723
100 156 24.159921481998005
100 155 26.740211569023575
100 154 29.28792282726612
100 153 31.7999512630023
100 152 34.27323635653146
100 151 36.70476479094757
100 150 39.091574123401486
100 149 41.43075639438142
100 148 43.7194616706136
100 147 45.95490151726693
100 146 48.13435239523139
100 145 50.25515897933085
100 144 52.3147373934278
100 143 54.31057835847836
100 142 56.24025024970242
100 141 58.101402059143645
100 140 59.8917662600107
100 139 61.609161569309286
100 138 63.25149560539949
100 137 64.81676743724051
100 136 66.30307002221689
100 135 67.7085925295762
100 134 69.03162254664733
100 133 70.27054816515168
100 132 71.42385994506495
100 131 72.49015275363736
100 130 73.4681274773315
100 129 74.356592604592
100 128 75.15446567751884
100 127 75.8607746106756
100 126 76.47465887542579
100 125 76.9953705483544
100 124 77.42227522249749
100 123 77.7548527802692
100 122 77.99269802714505
100 121 78.135521185329
100 120 78.18314824680299
100 119 78.135521185329
100 118 77.99269802714505
100 117 77.7548527802692
100 116 77.42227522249749
100 115 76.9953705483544
100 114 76.47465887542577
100 113 75.8607746106756
100 112 75.15446567751884
100 111 74.356592604592
100 110 73.46812747733149
100 109 72.49015275363736
100 108 71.42385994506495
100 107 70.27054816515168
100 106 69.03162254664733
100 105 67.70859252957618
100 104 66.30307002221689
100 103 64.81676743724051
100 102 63.25149560539949
100 101 61.609161569309286
100 100 59.8917662600107
100 99 58.101402059143645
100 98 56.24025024970243
100 97 54.310578358478374
100 96 52.314737393427784
100 95 50.25515897933084
100 94 48.13435239523138
100 93 45.95490151726692
100 92 43.7194616706136
100 91 41.43075639438142
100 90 39.091574123401486
100 89 36.70476479094758
100 88 34.27323635653147
100 87 31.79995126300228
100 86 29.2879228272661
100 85 26.74021156902356
100 84 24.159921481997998
100 83 21.550196252197228
100 82 18.914215427816416
100 81 16.255190545448347
100 80 13.576361217320798
100 79 10.880991184328074
100 78 8.172364339665451
100 77 5.453780727911169
100 76 2.7285525244304454
105 165 7.635547901473156e-15
105 164 2.1759480284011965
105 163 4.349244999308877
105 162 6.517243085134734
105 161 8.677300914165665
105 160 10.826786788668452
105 159 12.963081891207903
105 158 15.083583475272606
105 157 17.18570803632061
105 156 19.266894459381742
105 155 21.324607139381694
105 154 23.35633907038623
105 153 25.359614900001727
105 152 27.331993945210762
105 151 29.2710731659685
105 150 31.174490092936676
105 149 33.03992570578868
105 148 34.86510725857859
105 147 36.64781104873199
105 146 38.38586512628503
105 145 40.07715194007095
105 144 41.719610917629886
105 143 43.311240975699086
105 142 44.85010295822465
105 141 46.334321998924366
105 140 47.76208980552355
105 139 49.13166686288064
105 138 50.44138455231842
105 137 51.689647184578845
105 136 52.87493394392463
105 135 53.99580074101895
105 134 55.05088197232581
105 133 56.038892183887704
105 132 56.958627637453134
105 131 57.80896777704631
105 130 58.588876594192016
105 129 59.29740389013228
105 128 59.933686433497265
105 127 60.496949012019705
105 126 60.98650537701162
105 125 61.401759079452624
105 124 61.742204196671246
105 123 62.00742594873369
105 122 62.19710120378935
105 121 62.31099887175719
105 120 62.34898018587336
105 119 62.31099887175719
105 118 62.19710120378935
105 117 62.00742594873369
105 116 61.742204196671246
105 115 61.401759079452624
105 114 60.98650537701161
105 113 60.496949012019705
105 112 59.933686433497265
105 111 59.29740389013227
105 110 58.58887659419201
105 109 57.80896777704631
105 108 56.958627637453134
105 107 56.03889218388771
105 106 55.05088197232581
105 105 53.99580074101894
105 104 52.87493394392463
105 103 51.689647184578845
105 102 50.44138455231842
105 101 49.13166686288064
105 100 47.76208980552355
105 99 46.334321998924366
105 98 44.85010295822466
105 97 43.31124097569909
105 96 41.71961091762988
105 95 40.077151940070934
105 94 38.385865126285026
105 93 36.64781104873198
105 92 34.86510725857859
105 91 33.03992570578868
105 90 31.174490092936676
105 89 29.271073165968506
105 88 27.33199394521077
105 87 25.359614900001713
105 86 23.356339070386216
105 85 21.324607139381683
105 84 19.266894459381735
105 83 17.185708036320605
105 82 15.083583475272606
105 81 12.963081891207905
105 80 10.826786788668455
105 79 8.677300914165672
105 78 6.517243085134718
105 77 4.349244999308864
105 76 2.1759480284011854
110 165 5.313543323124029e-15
110 164 1.5142324122602089
110 163 3.0266199655756956
110 162 4.5353200486781935
110 161 6.038494542913857
110 160 7.5343120617077775
110 159 9.02095018182631
110 158 10.496597663719138
110 157 11.959456658235645
110 156 13.407744897027168
110 155 14.839697863966439
110 154 16.253570944938687
110 153 17.6476415533852
110 152 19.020211229009682
110 151 20.369607707090573
110 150 21.694186955877907
110 149 22.99233517959283
110 148 24.262470784589144
110 147 25.503046306281558
110 146 26.712550294492896
110 145 27.88950915492333
110 144 29.03248894449804
110 143 30.14009711840596
110 142 31.210984226701168
110 141 32.243845558399705
110 140 33.23742273106898
110 139 34.19050522397294
110 138 35.101931852905075
110 137 35.97059218491255
110 136 36.79542789118767
110 135 37.57543403647854
110 134 38.30966030344786
110 133 38.99721215048823
110 132 39.637251901583255
110 131 40.2289997668868
110 130 40.77173479277676
110 129 41.26479574022602
110 128 41.707581890420315
110 127 42.09955377664161
110 126 42.440233841525206
110 125 42.72920701888976
110 124 42.96612123943157
110 123 43.15068785966674
110 122 43.28268201359883
110 121 43.36194288668341
110 120 43.38837391175582
110 119 43.36194288668341
110 118 43.28268201359883
110 117 43.15068785966674
110 116 42.96612123943157
110 115 42.72920701888976
110 114 42.4402338415252
110 113 42.09955377664161
110 112 41.707581890420315
110 111 41.26479574022601
110 110 40.77173479277676
110 109 40.2289997668868
110 108 39.637251901583255
110 107 38.99721215048823
110 106 38.30966030344786
110 105 37.57543403647853
110 104 36.79542789118767
110 103 35.97059218491255
110 102 35.101931852905075
110 101 34.19050522397294
110 100 33.23742273106898
110 99 32.243845558399705
110 98 31.210984226701175
110 97 30.14009711840597
110 96 29.032488944498038
110 95 27.889509154923324
110 94 26.712550294492893
110 93 25.503046306281554
110 92 24.262470784589144
110 91 22.99233517959283
110 90 21.694186955877907
110 89 20.36960770709058
110 88 19.02021122900969
110 87 17.64764155338519
110 86 16.253570944938676
110 85 14.839697863966432
110 84 13.407744897027163
110 83 11.959456658235643
110 82 10.496597663719138
110 81 9.020950181826311
110 80 7.53431206170778
110 79 6.038494542913862
110 78 4.535320048678183
110 77 3.0266199655756862
110 76 1.5142324122602013
115 165 2.7250954951288013e-15
115 164 0.7765868600845873
115 163 1.5522275687041944
115 162 2.3259771271336622
115 161 3.0968928407230187
115 160 3.8640354674257362
115 159 4.62647036212043
115 158 5.383268615332008
115 157 6.133508184964764
115 156 6.87627501966865
115 155 7.610664172470039
115 154 8.335780903310217
115 153 9.050741769148326
115 152 9.754675700300613
115 151 10.446725061704695
115 150 11.126046697815724
115 149 11.791812959861577
115 148 12.443212714205384
115 147 13.07945233058691
115 146 13.699756649038799
115 145 14.303369924299572
115 144 14.88955674657282
115 143 15.457602937510757
115 142 16.006816420330544
115 141 16.53652806300321
115 140 17.046092493487983
115 139 17.534888886018702
115 138 18.002321717484374
115 137 18.447821492982374
115 136 18.870845439660236
115 135 19.27087816800077
115 134 19.647432299744814
115 133 20.00004906168656
115 132 20.32829884461803
115 131 20.63178172674172
115 130 20.910127960913723
115 129 21.162998425123643
115 128 21.390085035662555
115 127 21.591111122475525
115 126 21.76583176624147
115 125 21.914034096769605
115 124 22.03553755234901
115 123 22.130194099735228
115 122 22.197888414505996
115 121 22.238538021566274
115 120 22.25209339563145
115 119 22.238538021566274
115 118 22.197888414505996
115 117 22.130194099735228
115 116 22.03553755234901
115 115 21.914034096769605
115 114 21.765831766241465
115 113 21.591111122475525
115 112 21.390085035662555
115 111 21.162998425123643
115 110 20.91012796091372
115 109 20.63178172674172
115 108 20.32829884461803
115 107 20.000049061686564
115 106 19.647432299744814
115 105 19.270878168000767
115 104 18.870845439660236
115 103 18.447821492982374
115 102 18.002321717484374
115 101 17.534888886018702
115 100 17.046092493487983
115 99 16.53652806300321
115 98 16.006816420330548
115 97 15.457602937510758
115 96 14.889556746572818
115 95 14.303369924299567
115 94 13.699756649038797
115 93 13.079452330586909
115 92 12.443212714205384
115 91 11.791812959861577
115 90 11.126046697815724
115 89 10.446725061704697
115 88 9.754675700300615
115 87 9.05074176914832
115 86 8.335780903310212
115 85 7.6106641724700355
115 84 6.876275019668649
115 83 6.1335081849647635
115 82 5.383268615332008
115 81 4.626470362120431
115 80 3.864035467425737
115 79 3.0968928407230214
115 78 2.3259771271336565
115 77 1.5522275687041893
115 76 0.7765868600845834
