50 133 512

50 132 454

50 131 496

50 130 491

50 129 456

50 128 576

50 127 434

50 126 448

50 125 432

50 124 461

50 123 467

50 122 429

50 121 429

50 120 443

50 119 427

50 118 375

50 117 319

50 116 314

50 115 333
50 113 352

50 112 360

50 111 261

50 110 261

50 109 248

50 108 234

50 107 239

50 106 268

50 105 272

50 104 13

50 103 14

50 102 39

50 101 6

50 100 43

50 99 17

50 98 22

50 97 55
50 95 23

50 94 8

50 93 6

50 92 33

50 91 7

50 90 16

50 89 6

50 88 8

50 87 8

50 86 11

50 85 50

50 84 6

50 83 8

50 82 12

50 81 12

50 80 23

50 79 12

50 78 6

50 77 10

50 76 56
50 75 12

50 74 9

50 73 5

50 72 15

50 71 12

50 70 39

50 69 18

50 68 8

50 67 29

50 66 36

50 65 31

50 64 16

50 63 29

50 62 17

50 61 28

50 60 11

50 59 31

50 58 12
50 56 42

50 55 38

50 54 56

50 53 41

50 52 65

50 51 74

50 50 40

50 49 68

50 48 48

50 47 16

50 46 37

50 45 30

55 165 47

55 164 107

55 163 100

55 162 137

55 161 136

55 160 187

55 159 212

55 158 180

55 157 179
55 155 161

55 154 161

55 153 146

55 152 160

55 151 161

55 150 169

55 149 142

55 148 140

55 147 110

55 146 101

55 145 147

55 144 475

55 143 474

55 142 525

55 141 517

55 140 568

55 139 517

55 138 522

55 137 498

55 136 477
55 134 572

55 133 522

55 132 448

55 131 428

55 130 387

55 129 409

55 128 427

55 127 489

55 126 435

55 125 358

55 124 440

55 123 436

55 122 439

55 121 530

55 120 494

55 119 552

55 118 430

55 117 478

55 116 484

55 115 402

55 114 417
55 117 478

55 116 484

55 115 402

55 114 417

55 113 429

55 112 428

55 111 405

55 110 399

55 109 517

55 108 470

55 107 478

55 106 513

55 105 577

55 104 588

55 103 417

55 102 378

55 101 495

55 100 546

55 99 556

55 98 387

55 97 406

55 96 453

55 95 482

55 94 488
55 93 488

55 92 480

55 91 483

55 90 446

55 89 433

55 88 469

55 87 462

55 86 522

55 85 471

55 84 480

55 83 507

55 82 506

55 81 518

55 80 341

55 79 333

55 78 334

55 77 132

55 76 135

55 75 5

55 74 7

55 73 0
55 71 8

55 70 36

55 69 31

55 68 68

55 67 43

55 66 39

55 65 81

55 64 15

55 63 12

55 62 25

55 61 28

55 60 23

55 59 47

55 58 41

55 57 66

55 56 83
55 54 21

55 53 20

55 52 42

55 51 46

55 50 52

55 49 47

55 48 20

55 47 42

55 46 60

55 45 41

60 165 25

60 164 102

60 163 89

60 162 188

60 161 189

60 160 215

60 159 193

60 158 175

60 157 194
60 156 180

60 155 172

60 154 175

60 153 213

60 152 215

60 151 157

60 150 207

60 149 136

60 148 132

60 147 133

60 146 242

60 145 217

60 144 538

60 143 555

60 142 527

60 141 580

60 140 536

60 139 551

60 138 515

60 137 520
60 139 551

60 138 515

60 137 520

60 136 504

60 135 502

60 134 586

60 133 302

60 132 359

60 131 329

60 130 326

60 129 421

60 128 354

60 127 383

60 126 344

60 125 356

60 124 354

60 123 504

60 122 453

60 121 445

60 120 452

60 119 492

60 118 425

60 117 445

60 116 439

60 115 614
0 113 542

60 112 576

60 111 547

60 110 551

60 109 513

60 108 510

60 107 524

60 106 516

60 105 516

60 104 501

60 103 509

60 102 540

60 101 511

60 100 506

60 99 506

60 98 505

60 97 540

60 96 522

60 95 489
60 91 505

60 90 551

60 89 540

60 88 531

60 87 573

60 86 557

60 85 520

60 84 527

60 83 523

60 82 508

60 81 508

60 80 514

60 79 434

60 78 434

60 77 225

60 76 218

60 75 224

60 74 47

60 73 31

60 72 8
60 67 15

60 66 10

60 65 12

60 64 56

60 63 29

60 62 74

60 61 48

60 60 44

60 59 34

60 58 102

60 57 35
60 50 28

60 49 63

60 48 48

60 47 66

60 46 24

60 45 25

65 165 16

65 164 48

65 163 118

65 162 99

65 161 168

65 160 168

65 159 201
65 157 185

65 156 160

65 155 164

65 154 163

65 153 172

65 152 163

65 151 149

65 150 141

65 149 166

65 148 110

65 147 117

65 146 231

65 145 231

65 144 228

65 143 494

65 142 548

65 141 494

65 140 543
65 137 580

65 136 528

65 135 512

65 134 640

65 133 499

65 132 369

65 131 426

65 130 369

65 129 441

65 128 327

65 127 314

65 126 306

65 125 391

65 124 409
65 122 345

65 121 368

65 120 435

65 119 551

65 118 431

65 117 550

65 116 505

65 115 443

65 114 493

65 113 560

65 112 456

65 111 490

65 110 527

65 109 520

65 108 638

65 107 561

65 106 536
65 104 547

65 103 538

65 102 640

65 101 510

65 100 509

65 99 551

65 98 524

65 97 515

65 96 533

65 95 620

65 94 515

65 93 543

65 92 535

65 91 645

65 90 534

65 89 551
65 87 469

65 86 539

65 85 465

65 84 453

65 83 445

65 82 461

65 81 585

65 80 482

65 79 411

65 78 450

65 77 426

65 76 267

65 75 216

65 74 22

65 73 46

65 72 38
65 75 216

65 74 22

65 73 46

65 72 38

65 71 12

65 70 23

65 69 26

65 68 30

65 67 34

65 66 21

65 65 69

65 64 14

65 63 14

65 62 28

65 61 15

65 60 21

65 59 51

65 58 66

65 57 65

65 56 41

65 55 41

65 54 47

65 53 75

65 52 57
65 51 67

65 50 47

65 49 49

65 48 60

65 47 36

65 46 46

65 45 51

70 165 57

70 164 108

70 163 151

70 162 147

70 161 201

70 160 194

70 159 201

70 158 237

70 157 164

70 156 163

70 155 170

70 154 173

70 153 159

70 152 159
0 150 129

70 149 168

70 148 129

70 147 130

70 146 175

70 145 453

70 144 458

70 143 524

70 142 539

70 141 526

70 140 553

70 139 574

70 138 570

70 137 514

70 136 513

70 135 491

70 134 557

70 133 545
70 111 558

70 110 484

70 109 493

70 108 480

70 107 535

70 106 642

70 105 560

70 104 654

70 103 536

70 102 639

70 101 588

70 100 520
70 99 608

70 98 594

70 97 547

70 96 591

70 95 547

70 94 536

70 93 534

70 92 567

70 91 512

70 90 575

70 89 498

70 88 518

70 87 517

70 86 587

70 85 478

70 84 486

70 83 458

70 82 469

70 81 486
70 79 619

70 78 456

70 77 535

70 76 453

70 75 422

70 74 414

70 73 29

70 72 39

70 71 8

70 70 11

70 69 12

70 68 16

70 67 13

70 66 33

70 65 13

70 64 1
70 62 88

70 61 31

70 60 74

70 59 111

70 58 68

70 57 77

70 56 74

70 55 47

70 54 33

70 53 54

70 52 64

70 51 76

70 50 41

70 49 75

70 48 41

70 47 84

70 46 71

70 45 51

75 165 57
75 163 153

75 162 156

75 161 155

75 160 193

75 159 243

75 158 205

75 157 195

75 156 166

75 155 183

75 154 176

75 153 174

75 152 198

75 151 160

75 150 153
75 148 148

75 147 240

75 146 246

75 145 517

75 144 515

75 143 588

75 142 530

75 141 529

75 140 545

75 139 546

75 138 552

75 137 473

75 136 449

75 135 453

75 134 440
75 132 408

75 131 393

75 130 368

75 129 483

75 128 445

75 127 502

75 126 418

75 125 497

75 124 360

75 123 368

75 122 337

75 121 341

75 120 454

75 119 481

75 118 373

75 117 467
75 115 379

75 114 466

75 113 406

75 112 417

75 111 536

75 110 448

75 109 438

75 108 456

75 107 487

75 106 500

75 105 487

75 104 463

75 103 493

75 102 507
5 100 526

75 99 524

75 98 619

75 97 539

75 96 517

75 95 521

75 94 518

75 93 525

75 92 589

75 91 508

75 90 529

75 89 546

75 88 494

75 87 548

75 86 504

75 85 505
75 91 508

75 90 529

75 89 546

75 88 494

75 87 548

75 86 504

75 85 505

75 84 517

75 83 509

75 82 510

75 81 538

75 80 534

75 79 555

75 78 454

75 77 499

75 76 491

75 75 504

75 74 518

75 73 412

75 72 419

75 71 402
75 66 8

75 65 30

75 64 28

75 63 46

75 62 60

75 61 50

75 60 30

75 59 16

75 58 14

75 57 53

75 56 45

75 55 40

75 54 18

75 53 12

75 52 54

75 51 47

75 50 47

75 49 51

75 48 56

75 47 38

75 46 50

75 45 38